[-3  8 -9  4  4  4  4  4  4  4  4  4  4  4  4  4  4  4  4  4  4  4  4  4
  4  4  4  4  4  4  4  4  4  4  4  4  4  4  4  4  4  4  4  4  4][-29  25 -17   2   2   2   2   2   2   2   2   2   2   2   2   2   2   2
   2   2   2   2   3   2   2   2   2   2   2   2   2   2   2   2   2   2
   2   2   2   2   2   2   2   2   2][-30  18 -42   1   2   1   2   1   2   1   2   1   1   1   1   1   0   0
   1   0   0   0   1   0   0   0   1   0   0   0   0   0   0   1   1   0
   0   0   1   0   0   0   0   0   0][ 8 11 36  1  2  1  2  1  2  1  2  2  1  1  0  1  1  1  1  0  0  0  0  0
  0  1  1  0  0  0  0  0  0  0  1  0  0  0  0  1  1  1  1  0  0][46 -5  4  1  2  1  2  1  2  1  2  1  1  1  0  1  0  1  1  0  0  0  0  0
  0  1  1  0  0  0  0  0  0  1  0  0  0  1  1  1  0  0  0  0  0][ 15 -15  15   1   2   1   2   1   2   1   2   1   1   0   0   1   0   1
   1   0   0   0   0   0   0   1   1   0   0   0   0   0   0   1   1   0
   0   1   1   0   0   0   0   0   1][-24   8  19   1   2   1   2   1   2   1   2   2   2   1   1   1   0   0
   1   0   0   0   0   0   0   0   1   0   0   0   0   0   0   0   0   0
   0   1   1   1   0   1   0   0   0][-18  16  11   1   2   1   2   1   2   1   2   1   2   1   0   1   0   1
   1   0   0   0   0   0   0   1   1   0   0   0   0   0   0   1   1   0
   1   1   1   1   0   0   0   0   1][21 15  5  1  2  1  2  1  2  1  2  1  2  0  0  0  0  1  1  0  0  0  0  0
  0  1  1  0  0  0  0  0  0  1  1  0  1  1  1  1  0  1  1  0  1][40  0 25  1  2  1  2  1  2  1  2  2  1  1  1  1  1  1  1  0  0  0  0  0
  0  1  1  0  0  0  0  0  0  0  1  0  0  1  1  1  0  0  0  0  1][ 39 -16  46   1   2   1   2   1   3   1   2   2   2   1   1   1   1   0
   1   0   1   0   1   0   0   0   1   0   0   0   0   0   0   1   0   0
   0   1   1   1   0   0   0   1   1][ 41 -15  21   1   2   1   2   1   2   1   2   1   2   1   0   1   0   1
   1   0   1   0   0   0   1   1   1   0   0   0   0   0   0   1   1   0
   0   1   1   0   1   0   0   0   1][ 44 -14   0   1   2   1   2   1   2   1   2   2   1   1   1   1   1   0
   1   0   0   0   0   0   0   1   1   0   0   0   0   0   0   1   0   1
   0   1   1   1   0   0   1   0   0][ 38 -13   6   1   2   1   2   1   2   1   2   2   1   1   1   1   1   0
   1   0   0   0   0   0   0   0   1   0   0   0   0   0   0   1   1   0
   0   1   1   0   0   0   1   0   0][ 23 -11  26   1   2   1   2   1   2   1   2   1   2   1   0   1   0   1
   1   0   0   0   0   0   0   1   1   0   0   0   0   0   0   1   1   1
   1   1   1   1   1   0   1   0   0][-5 -1 65  1  2  1  2  1  2  1  2  1  1  1  1  1  1  1  1  0  0  0  0  0
  0  0  1  0  0  0  0  0  0  1  0  0  0  1  1  1  0  0  1  0  0][ 7 -7 65  1  2  1  2  1  2  1  2  1  2  1  1  1  1  1  1  0  0  0  0  0
  0  0  1  0  0  0  0  0  0  1  1  0  1  1  1  1  0  0  1  0  0][ 6 -4 66  1  2  1  2  1  2  1  2  2  2  1  0  1  0  1  1  0  0  0  0  0
  0  0  1  0  0  0  0  0  0  1  1  0  1  1  1  1  0  0  0  0  1][ 7 -5 64  1  2  1  2  1  2  1  2  1  1  1  1  1  1  1  1  0  0  0  0  0
  0  0  1  0  0  0  0  0  0  0  0  0  0  1  0  1  0  0  0  0  2][15 -7 54  1  2  1  2  1  2  1  2  1  2  1  0  1  0  1  1  0  1  0  0  0
  0  1  1  0  0  0  0  0  0  1  1  0  1  1  1  1  0  1  1  0  2][38 -6 18  1  2  1  2  1  2  1  2  1  2  1  0  1  1  1  1  0  1  0  1  0
  1  1  1  0  0  0  0  0  0  1  1  0  0  1  1  1  0  1  1  0  2][ 29  -4 -19   1   2   1   2   1   2   1   2   2   1   1   1   1   1   1
   1   0   1   0   0   0   0   0   1   0   0   0   0   0   0   1   1   0
   0   1   1   0   0   0   1   0   2][ 19  20 -24   0   2   1   2   1   2   1   2   1   2   0   0   1   0   1
   1   0   1   0   1   0   1   1   2   0   0   0   0   0   0   1   2   0
   0   1   1   1   0   0   1   0   0][-12  29   0   1   2   1   2   1   2   1   2   1   2   0   0   1   0   1
   1   0   0   0   0   0   0   1   1   0   0   0   0   0   0   1   1   0
   1   1   1   1   0   1   1   0   0][-9 23 28  1  2  1  2  1  2  1  2  1  2  0  0  0  0  1  1  0  0  0  0  0
  0  1  1  0  0  0  0  0  0  2  1  1  2  1  1  1  0  1  1  0  0][ 3 19 49  1  2  1  2  1  2  1  2  1  2  1  0  1  0  1  1  0  0  0  0  0
  0  1  1  0  0  0  0  0  0  1  1  0  1  1  1  1  0  0  1  0  0][-7 19 57  1  2  1  2  1  2  1  2  1  2  0  0  0  0  1  1  0  0  0  0  0
  0  1  2  0  0  0  0  0  0  1  1  0  1  1  1  1  0  0  1  0  0][-18  21  54   1   2   1   2   1   2   1   2   1   2   0   0   0   0   1
   1   0   0   0   0   0   1   1   2   0   0   0   0   0   0   1   1   0
   1   1   1   0   0   1   1   0   0][-19  29  45   1   2   1   2   1   2   1   2   1   2   0   0   0   0   1
   1   0   0   0   0   0   0   1   1   0   0   0   0   0   0   1   1   0
   1   0   1   1   0   1   1   0   0][-24  24  40   1   2   1   2   1   2   1   2   1   2   0   0   1   0   1
   1   0   0   0   0   0   1   1   1   0   0   0   0   0   0   1   1   0
   1   1   1   0   0   1   0   0   0][-1 16 35  1  2  1  2  1  2  1  2  2  1  1  0  1  1  1  1  0  0  0  0  0
  1  0  1  0  0  0  0  0  0  1  1  0  1  1  1  0  1  0  1  1  0][35 -2  7  1  2  1  2  1  2  1  2  1  1  1  1  1  1  0  1  0  0  0  0  0
  1  0  1  0  0  0  0  0  0  0  1  0  0  1  1  0  1  0  1  0  1][ 33 -11 -12   1   2   1   2   1   2   1   2   1   1   1   1   1   1   1
   1   0   0   0   0   0   1   0   1   0   0   0   0   0   0   0   0   0
   1   0   1   0   1   0   1   0   0][ 26 -11  -7   1   2   1   2   1   2   1   2   1   1   1   1   1   0   0
   1   0   0   0   0   0   0   0   1   0   0   0   0   0   0   0   0   0
   1   0   1   0   1   0   1   0   0][25 -7 -7  1  2  1  2  1  2  1  2  1  1  1  1  1  0  1  1  0  0  0  0  0
  0  0  1  0  0  0  0  0  0  0  0  0  1  0  1  0  0  0  1  0  0][12  0 13  1  2  1  2  1  2  1  2  1  1  1  1  1  1  1  1  0  0  0  0  0
  0  0  1  0  0  0  0  0  0  0  0  0  0  1  1  1  0  0  1  0  1][ 2  5 46  1  2  1  2  1  2  1  2  1  1  1  0  1  0  1  1  0  0  0  0  0
  0  0  1  0  0  0  0  0  0  0  1  0  0  1  1  1  0  0  0  1  1][ 8  8 54  1  2  1  2  1  2  1  2  1  1  1  0  1  1  1  1  0  0  0  0  0
  0  0  1  0  0  0  0  0  0  1  0  0  0  1  1  1  1  0  1  0  0][19  1 30  1  2  1  2  1  2  1  2  1  1  1  0  1  1  0  1  0  0  0  0  0
  0  0  1  0  0  0  0  0  0  0  0  1  0  0  1  2  0  0  1  0  0][35 -9  8  1  2  1  2  1  2  1  2  2  1  1  1  1  0  0  1  0  0  0  0  0
  0  0  1  0  0  0  0  0  0  0  1  0  0  1  2  1  1  1  1  0  0][ 33  -8 -14   1   2   1   2   1   2   1   2   2   1   1   1   1   0   0
   1   0   0   0   0   0   0   0   1   0   0   0   0   0   0   0   1   0
   1   1   1   1   1   1   0   0   1][26  0 -5  1  2  1  2  1  2  1  2  1  1  1  0  1  0  0  1  0  0  0  0  0
  0  0  1  0  0  0  0  0  0  0  1  0  0  1  1  0  1  1  0  0  2][ 0  7 22  1  2  1  2  1  2  1  2  1  1  1  1  1  1  0  1  0  0  0  0  0
  0  0  1  0  0  0  0  0  0  0  0  0  0  1  1  1  1  1  1  0  2][-2 18 48  1  2  1  2  1  2  1  2  2  1  1  1  1  1  0  0  0  0  0  0  0
  0  0  1  0  0  0  0  0  0  0  0  0  0  1  0  1  0  1  0  0  4][-1 21 55  1  2  1  2  1  2  1  2  1  1  1  0  1  1  0  1  0  0  0  0  0
  0  0  1  0  0  0  0  0  0  0  0  0  1  1  1  1  0  1  0  0  4][ 1 19 46  1  2  1  2  1  2  1  2  2  1  1  0  1  1  0  1  0  0  0  0  0
  0  0  1  0  0  0  0  0  0  1  1  1  0  1  1  1  1  1  0  0  2][ 3 17 43  1  2  1  2  1  2  1  2  1  2  1  0  1  0  1  1  0  0  0  0  0
  0  1  1  0  0  0  0  0  0  1  1  1  1  1  1  1  0  0  1  0  1][ 0 19 51  1  2  1  2  1  2  1  2  1  2  0  0  1  0  1  1  0  0  0  0  0
  0  0  1  0  0  0  0  0  0  1  1  0  1  1  1  1  0  0  2  0  2]Time for the training is 2521.887223005295 sec,